
ans
23
137
85
28
79
110
111
44
53
58
96
45
111
220
56
23
296
63
142
59
105
31
69
51
116
22
224
106
49
118
195
40
91
63
44
86
39
132
61
82
86
49
89
116
23
26
199
61
113
75
57
23
37
67
42
141
44
80
17
32
68
64
46
20
36
61
102
22
45
113
103
99
16
88
85
142
66
75
49
42
181
74
24
101
97
73
106
88
29
105
18
13
40
71
61
107
83
140
97
51
75
46
82
85
54
199
62
108
59
35
106
202
102
110
110
100
48
47
65
65
74
62
55
33
138
118
106
75
181
87
26
32
99
65
31
62
120
35
86
48
76
157
41
70
19
76
106
110
85
64
89
26
110
12
88
25
48
47
61
91
97
28
12
55
64
111
89
51
19
41
119
78
24
103
69
51
55
31
77
32
52
90
163
65
23
22
45
41
18
25
129
35
47
180
13
21
54
35
50
59
65
46
30
12
77
104
37
50
90
69
182
85
127
96
73
106
95
63
15
55
30
55
47
138
151
70
166
21
121
62
79
82
98
58
122
49
146
117
50
41
60
113
170
69
56
55
128
113
72
69
18
78
85
127
37
24
67
118
101
65
16
47
21
22
106
175
36
82
87
116
82
54
81
89
108
88
97
24
102
69
104
36
21
57
78
66
81
41
88
59
46
77
15
48
119
148
29
73
64
103
103
38
59
106
76
91
117
27
34
82
152
45
66
25
88
41
52
104
79
86
116
118
60
